<!DOCTYPE html PUBLIC "-//W3C//DTD XHTML 1.0 Strict//EN"
	"http://www.w3.org/TR/xhtml1/DTD/xhtml1-strict.dtd">
	<html xmlns="http://www.w3.org/1999/xhtml" xml:lang="en">

<!-- Mirrored from www.ncl.ucar.edu/Document/Functions/Built-in/fftshift.shtml by HTTrack Website Copier/3.x [XR&CO'2014], Sat, 17 May 2025 15:18:30 GMT -->
<head>
<meta name="description" content="NCL built-in functions (general applied math)">
<meta name="keywords" content="fftshift">
<title>fftshift</title>
</head>

<body>
	
	<!-- main navigation include -->
		<!-- NCL CSS -->
	<link rel="stylesheet" href="../../../styles/ncl.css" type="text/css" media="all">
	
	
		<!-- Equal Height Columns -->
		<script type="text/javascript" src="../../../scripts/column_height_equal.js"></script>
		
		<!-- DOJO Expandable Tree Nav -->

		<script type="text/javascript" src="../../../scripts/dojo/dojo.js"></script>
		<script type="text/javascript">
		
		dojo.require("dojo.widget.TreeV3");
		dojo.require("dojo.widget.TreeNodeV3");
		dojo.require("dojo.widget.TreeLinkExtension");
		dojo.require("dojo.widget.TreeBasicControllerV3");
		dojo.hostenv.writeIncludes();

		</script>
		

		<div id="top_colorbar"><!-- begin top_colorbar -->
		</div><!-- end top_colorbar -->


	<div id="nav_org_wrap"><!-- begin nav_org_wrap -->
	<div id="nav_org"><!-- begin nav_org -->

		<ul class="menubar">


			<li><a class="trigger" href="../../../internal/index.html">&nbsp;</a>
			</li>

			<li><a class="trigger" href="http://www.ucar.edu/">UCAR</a>
			</li>

			<li><a class="trigger" href="http://www.ncar.ucar.edu/">NCAR</a>
			</li>

			<li><a class="trigger" href="http://www.cisl.ucar.edu/">CISL</a>
			</li>
		</ul>

	</div><!-- end nav_org -->

	<div id="search"><!-- begin search -->

		<ul class="menubar">

			<li><a class="trigger" href="../../../Download/index.html">Download</a>
			</li>

			<li><a class="trigger" href="../../../citation.html">Citing NCL</a>
			</li>

			<li><a class="trigger" href="../../../contributors.html">Contributors</a>
			</li>

		</ul>

	</div><!-- end search -->

	</div><!-- end nav_org_wrap -->
	
	
	

		<div id="nav_main_wrap"><!-- begin nav_main_wrap -->

		<div id="nav_main"><!-- begin nav_main -->
			<ul id="menubar_main">

				<li>
				<a href="../../Pivot_to_Python/september_2019_update.html" class="triggeryw">&#9733; UPDATED LETTER TO NCL USERS</a>
				<li>
				<a href="../../../index.html" class="triggeron">NCL</a>
					<ul>
                                          <li><a href="../../Pivot_to_Python/index.html">Pivot to Python</a>
					  <li><a href="../../../overview.html" class="subitem">Overview</a></li>
						<li><a href="../../../get_started.html" class="subitem">Getting Started</a> </li>
						<li><a href="../../../gallery.html" class="subitem">Gallery</a></li>
						<li><a href="../../../Download/index.html" class="subitem">Download</a></li>
						<li><a href="../../../current_release.html" class="subitem">What's New</a></li>
						<li><a href="../../index.html" class="subitem">Documentation</a></li>						
						<li><a href="../../../citation.html" class="subitem">Citing NCL</a></li>
					</ul>

				</li>

				<li>
				<a href="../../../Applications/index.html" class="trigger">Examples</a>
					<ul>
						<li><a href="../../../Applications/index.html" class="subitem" title="Examples">All Examples</a></li>
						<li><a href="../../../Applications/Templates/index.html" class="subitem">Templates</a></li>
						<li><a href="../../../Applications/list_io.html" class="subitem">File I/O</a></li>
						<li><a href="../../../Applications/list_data.html" class="subitem">Datasets</a></li>
						<li><a href="../../../Applications/list_maps.html" class="subitem">Maps</a></li>
						<li><a href="../../../Applications/list_models.html" class="subitem">Models</a></li>
						<li><a href="../../../Applications/list_dataP.html" class="subitem">Data Analysis</a></li>
						<li><a href="../../../Applications/list_ptypes.html" class="subitem">Plot Types</a></li>
						<li><a href="../../../Applications/list_tech.html" class="subitem">Plot Techniques</a></li>
						<li><a href="../../../Applications/list_special.html" class="subitem">Special Plots</a></li>
						<li><a href="../../../Applications/list_grids.html" class="subitem">Non-uniform Grids</a></li>
						<li><a href="../../../Applications/list_misc.html" class="subitem">Miscellaneous</a></li>
					</ul>
				</li>

				<li>
				<a href="../list_alpha.html" class="trigger">Functions</a>
					<ul>
						<li><a href="../list_alpha.html" class="subitem">Alphabetical Listing</a></li>
						<li><a href="../index.html" class="subitem">Category Listing</a></li>
						<li><a href="../list_type.html" class="subitem">Function-Type Listing</a></li>						
					</ul>
				</li>
				
				<li>
				<a href="../../Graphics/Resources/index.html" class="trigger">Resources</a>
					<ul>
					  <li><a href="../../Graphics/Resources/list_alpha_res.html" class="subitem">Complete Listing</a></li>
					
						<li><a href="../../Graphics/Resources/am.html" class="subitem">am (annotation manager)</a></li>
						<li><a href="../../Graphics/Resources/app.html" class="subitem">app (app)</a></li>
						<li><a href="../../Graphics/Resources/ca.html" class="subitem">ca (coordinate array)</a></li>
						<li><a href="../../Graphics/Resources/cn.html" class="subitem">cn (contour)</a></li>
						<li><a href="../../Graphics/Resources/ct.html" class="subitem">ct (coordinate array table)</a></li>
						<li><a href="../../Graphics/Resources/dc.html" class="subitem">dc (data comm)</a></li>
						
						<li><a href="../../Graphics/Resources/err.html" class="subitem">err (error)</a></li>
						<li><a href="../../Graphics/Resources/gs.html" class="subitem">gs (graphics styles)</a></li>
						<li><a href="../../Graphics/Resources/gsn.html" class="subitem">gsn (gsn high-level interfaces)</a></li>
						<li><a href="../../Graphics/Resources/lb.html" class="subitem">lb (label bar)</a></li>
						<li><a href="../../Graphics/Resources/lg.html" class="subitem">lg (legends)</a></li>
						<li><a href="../../Graphics/Resources/mp.html" class="subitem">mp (maps)</a></li>
						
						<li><a href="../../Graphics/Resources/pm.html" class="subitem">pm (plot manager)</a></li>
						<li><a href="../../Graphics/Resources/pr.html" class="subitem">pr (primitives)</a></li>
						<li><a href="../../Graphics/Resources/sf.html" class="subitem">sf (scalar field)</a></li>
						<li><a href="../../Graphics/Resources/st.html" class="subitem">st (streamline)</a></li>
						<li><a href="../../Graphics/Resources/tf.html" class="subitem">tf (transform)</a></li>
						<li><a href="../../Graphics/Resources/ti.html" class="subitem">ti (title)</a></li>
						
						<li><a href="../../Graphics/Resources/tm.html" class="subitem">tm (tickmark)</a></li>
						<li><a href="../../Graphics/Resources/tr.html" class="subitem">tr (transformation)</a></li>
						<li><a href="../../Graphics/Resources/tx.html" class="subitem">tx (text)</a></li>
						<li><a href="../../Graphics/Resources/vc.html" class="subitem">vc (vectors)</a></li>
						<li><a href="../../Graphics/Resources/vf.html" class="subitem">vf (vector field)</a></li>
						<li><a href="../../Graphics/Resources/vp.html" class="subitem">vp (view port)</a></li>
						
						<li><a href="../../Graphics/Resources/wk.html" class="subitem">wk (workstation)</a></li>
						<li><a href="../../Graphics/Resources/ws.html" class="subitem">ws (workspace)</a></li>
						<li><a href="../../Graphics/Resources/xy.html" class="subitem">xy (xy plots)</a></li>						
					</ul>
        </li>

				<li>
				<a href="../../../links.html" class="trigger">Popular Links</a>
					<ul>
					<li><a href="../../Graphics/hlures.html" class="subitem">.hluresfile</a></li>
					<li><a href="../../Graphics/color_table_gallery.html" class="subitem">Color Tables</a></li>
					<li><a href="../../Graphics/font_tables.html" class="subitem">Font Tables</a></li>	
					<li><a href="../../Language/error_messages.html" class="subitem">Error Messages</a></li>	
					<li><a href="../../Graphics/Images/dashpatterns.png" class="subitem">Dash Pattern Table</a></li>	
					<li><a href="../../Graphics/Images/fillpatterns.png" class="subitem">Fill Pattern Table</a></li>	
					<li><a href="../../Graphics/Images/markers.png" class="subitem">Marker Table</a></li>
					<li><a href="../../Graphics/map_projections.html" class="subitem">Map Projections</a></li>
					<li><a href="../../Graphics/rangs.html" class="subitem">High Resolution Map Database</a></li>
					<li><a href="../../../Applications/editor.html" class="subitem">Editor Enhancements</a></li>
					<li><a href="../../Tools/ncl_convert2nc.html">ncl_convert2nc</a></li>
					<li><a href="../../Tools/ncl_filedump.html">ncl_filedump</a></li>
					<li><a href="../../Tools/index.html" class="subitem">Tools</a></li>
					<li><a href="../../Tools/WRAPIT.html" class="subitem">WRAPIT</a></li>
					</ul>
				</li>

				<li>
				<a href="../../../announcements.html" class="trigger">What's New</a>
					<ul>
					        <li><a href="../../../announcements.html" class="subitem">Announcements</a></li>
						<li><a href="../../../current_release.html" class="subitem">In Latest Release</a></li>
						<li><a href="../../../new_applications.html" class="subitem">In Application Examples</a></li>
						<li><a href="../../../future_release.html" class="subitem">In Next Release</a></li>	
						<li><a href="../../../prev_releases.html" class="subitem">In Previous Releases</a></li>
					</ul>
				</li>
	

				<li>
				<a href="../../../Support/index.html" class='trigger'>Support</a>
					<ul>
						<li><a href="../../../Support/email_lists.html" class="subitem">Email Lists</a></li>
						<li><a href="../../../Applications/editor.html" class="subitem">Editor enhancements</a></li>
						<li><a href="../../Language/error_messages.html" class="subitem">Error messages</a></li>
						<li><a href="../../Manuals/index.html" class="subitem">Manuals</a></li>
						<li><a href="https://www2.cisl.ucar.edu/resources/computational-systems/geyser-and-caldera/visualization/using-ncl-the-cheyenne-environment">NCL on Cheyenne</a>
						<li><a href="../../../Training/index.html" class="subitem">Training</a></li>
						<li><a href="../../../Training/Webinars/index.html" class="subitem">Webinars</a></li>
						<li><a href="../../../Training/Workshops/index.html" class="subitem">Workshops</a></li>
						<li><a href="../../index.html" class="subitem">Documentation</a></li>
						<li><a href="../../../FAQ/index.html" class="subitem">FAQ</a></li>
						<li><a href="../../../ftp_files.html" class="subitem">Uploading files via ftp</a></li>
						<li><a href="../../../report_bug.html" class="subitem">Report Bugs</a></li>
					</ul>
				</li>

				<li>
				<a href="../../../External/index.html" class='trigger'>External</a>
					<ul>
						<li><a href="https://www2.cisl.ucar.edu/resources/computational-systems/geyser-and-caldera/visualization/using-ncl-the-cheyenne-environment">NCL on Cheyenne</a>
						<li><a href="http://climatedataguide.ucar.edu/" class="subitem">Climate Data Guide</a></li>
						<li><a href="https://code.zmaw.de/projects/cdo/" class="subitem">Climate Data Operators</a></li>
						<li><a href="http://www.earthsystemmodeling.org/" class="subitem">Earth System Modeling Framework</a></li>
						<li><a href="http://nco.sourceforge.net/" class="subitem">NetCDF Operators</a></li>
						<li><a href="http://www.pyngl.ucar.edu/" class="subitem">PyNGL</a></li>
						<li><a href="http://www.pyngl.ucar.edu/Nio.shtml" class="subitem">PyNIO</a></li>
					</ul>
				</li>


			<!-- end menubar_main -->		
			</ul>
		
		<!-- end nav_main -->	
		</div>
		
	<!-- end nav_main_wrap -->	
  	</div>
		
			

	
	<div id="wrap"><!-- begin wrap -->
	<div id="content"><!-- begin content -->
	
	<!-- ######### BEGIN EDITABLE PAGE CONTENT ######### -->

			<div id="subheader"><!-- begin subheader -->
			<map name="ncl-home">
<area shape="rect" coords="0,0,65,40" href="../../../index-2.html">
<area shape="rect" coords="540,0,615,40" href="http://www.ncar.ucar.edu/">
<area shape="rect" coords="625,0,665,40" href="http://www.nsf.gov/">
</map>

	<div id="nclheader">
	<img src="https://www.ncl.ucar.edu/Images/NCL_NCAR_NSF_banner.png" height=40 "NCL Website header" usemap="#ncl-home">
	</div>


			<div id="googlesearch">
<form style="float:right" id="cse-search-box" action="http://google.com/cse">
  <input type="hidden" name="cx" value="016712339613867830978:igijo92w2zo" />
  <input type="hidden" name="ie" value="UTF-8" />
  <input type="text" name="q" size="31" maxlength="255" id="searchbox" /><label for="searchbox">Search</label>
  <input type="hidden" name="hq" value="site:www.ncl.ucar.edu">
</form>
			</div><!-- end googlesearch -->

			</div><!-- end subheader -->
			
			      <div id="general_main">
<a class=crumb href="../../../index-2.html">NCL Home ></a>
<a class=crumb href="../../index-2.html">Documentation ></a>
<a class=crumb href="../index-2.html">Functions ></a>
<a class=crumb href="../math.html">General applied math</a>
<br>
<h1>fftshift</h1>

<p>
Rearranges an array in a manner similar to
Matlab's <a href="http://www.mathworks.com/help/matlab/ref/fftshift.html"><b>fftshift</b></a>
function.
</p>

<p>
<img src="https://www.ncl.ucar.edu/Images/new.gif"> <i>Available in <a href="../../../prev_releases.html#6.3.0">version 6.3.0</a> and later.</i>
<p>
<a name="Prototype"></a>
<h2>Prototype</h2>
<pre>
	function fftshift (
		x        : numeric,  
		mode [1] : integer   
	)

	<a href="../return_val.html">return_val</a>  :  same size, shape and type as <em>x</em>
</pre>
<a name="Arguments"></a>
<h2>Arguments</h2>
<em>x</em>
<p class=indent>A vector or multidimensional array. If there are  two or more dimensions, the two 
rightmost dimensions will be the rearranged.
</p>
<em>mode</em>
<p class=indent>Type of rearrangement (shift) to be performed.
</p>
<a name="Return"></a>
<h2>Return value</h2>
<p>
An array of the same size, type and shape as <em>x</em> with the elements rearranged.
</pre>
</p><a name="Description"></a>
<h2>Description</h2>
<p>
See the Matlab description of <a href="http://www.mathworks.com/help/matlab/ref/fftshift.html"><b>fftshift</b></a>.
Also, see the examples below.


</p><a name="See_also"></a>
<h2>See Also</h2>
<p>
<a href="reshape.html"><strong>reshape</strong></a>, <a href="reshape_ind.html"><strong>reshape_ind</strong></a>, <a href="conform.html"><strong>conform</strong></a>, 
<a href="conform_dims.html"><strong>conform_dims</strong></a>, <a href="ndtooned.html"><strong>ndtooned</strong></a>, <a href="onedtond.html"><strong>onedtond</strong></a>
</p><a name="Examples"></a>
<h2>Examples</h2>
<p>
<b>Example 1</b>
<p>

Using <strong>fftshift</strong> on a vector (i.e., a one-dimensional array).
<p>

<pre>
   f      = (/ 0.0, 0.1,  0.2,  0.3,  0.4, 0.5, -0.5, -0.4, -0.3, -0.2, -0.1 /)
   fshift = <strong>fftshift</strong>(f, 0)
   <a href="print.html"><strong>print</strong></a>(fshift)
</pre>
<p>

This would yield 0.0 in the middle.
<p>

<pre>
   fshift = (/ -0.5, -0.4, -0.3, -0.2, -0.1,  0.0, 0.1,  0.2,  0.3,  0.4, 0.5/)
</pre>
<p>

<b>Example 2</b>
<p>

Using <strong>fftshift</strong> on an even number of rows and columns: 
<p>

<pre>
    nrow  = 6
    ncol  = 6
    N     = nrow*ncol
    a     = <a href="onedtond.html"><strong>onedtond</strong></a>(<a href="fspan.html"><strong>fspan</strong></a>(1,N,N), (/nrow,ncol/))

    <a href="print.html"><strong>print</strong></a>(" ")
    <a href="print.html"><strong>print</strong></a>("--- Original Array ---")
    <a href="write_matrix.html"><strong>write_matrix</strong></a> (x, ncol+"f7.2", False)

    x = <strong>fftshift</strong>(a, 0)
    <a href="print.html"><strong>print</strong></a>("---mode= 0     quadrant shift")
    <a href="write_matrix.html"><strong>write_matrix</strong></a> (x, ncol+"f7.2", False)

    y = <strong>fftshift</strong>(a, 1)
    <a href="print.html"><strong>print</strong></a>("---mode= 1     column shift")
    <a href="write_matrix.html"><strong>write_matrix</strong></a> (y, ncol+"f7.2", False)

    z = <strong>fftshift</strong>(a,-1)
    <a href="print.html"><strong>print</strong></a>("---mode= -1    row shift")
    <a href="write_matrix.html"><strong>write_matrix</strong></a> (y, ncol+"f7.2", False)
</pre>
<p>

This would yield:
<p>

<pre>
           original array: <b>a</b> (6,6)

   1.00   2.00   3.00   4.00   5.00   6.00
   7.00   8.00   9.00  10.00  11.00  12.00
  13.00  14.00  15.00  16.00  17.00  18.00
  19.00  20.00  21.00  22.00  23.00  24.00
  25.00  26.00  27.00  28.00  29.00  30.00
  31.00  32.00  33.00  34.00  35.00  36.00
  
       ---mode= 0     quadrant shift: <b>x</b>
  
  22.00  23.00  24.00  19.00  20.00  21.00
  28.00  29.00  30.00  25.00  26.00  27.00
  34.00  35.00  36.00  31.00  32.00  33.00
   4.00   5.00   6.00   1.00   2.00   3.00
  10.00  11.00  12.00   7.00   8.00   9.00
  16.00  17.00  18.00  13.00  14.00  15.00
  
      ---mode= 1     columns shift: <b>y</b>
  
   4.00   5.00   6.00   1.00   2.00   3.00
  10.00  11.00  12.00   7.00   8.00   9.00
  16.00  17.00  18.00  13.00  14.00  15.00
  22.00  23.00  24.00  19.00  20.00  21.00
  28.00  29.00  30.00  25.00  26.00  27.00
  34.00  35.00  36.00  31.00  32.00  33.00
  
      ---mode=-1     row     shift: <b>z</b>
  
  19.00  20.00  21.00  22.00  23.00  24.00
  25.00  26.00  27.00  28.00  29.00  30.00
  31.00  32.00  33.00  34.00  35.00  36.00
   1.00   2.00   3.00   4.00   5.00   6.00
   7.00   8.00   9.00  10.00  11.00  12.00
  13.00  14.00  15.00  16.00  17.00  18.00

==================================================
</pre>
<p>

<b>Example 3</b>
<p>

Using <strong>fftshift</strong> on an even number of rows and an odd number of columns: 
<p>

<pre>
    nrow  = 6
    ncol  = 5
    N     = nrow*ncol
</pre>
<p>

The results are:
<p>

<pre>
	--- Original Array (6,5) ---
  
   1.00   2.00   3.00   4.00   5.00
   6.00   7.00   8.00   9.00  10.00
  11.00  12.00  13.00  14.00  15.00
  16.00  17.00  18.00  19.00  20.00
  21.00  22.00  23.00  24.00  25.00
  26.00  27.00  28.00  29.00  30.00
  
	---mode= 0     quadrant shift
  
  19.00  20.00  16.00  17.00  18.00
  24.00  25.00  21.00  22.00  23.00
  29.00  30.00  26.00  27.00  28.00
   4.00   5.00   1.00   2.00   3.00
   9.00  10.00   6.00   7.00   8.00
  14.00  15.00  11.00  12.00  13.00
	 
	---mode= 1     column shift
  
   4.00   5.00   1.00   2.00   3.00
   9.00  10.00   6.00   7.00   8.00
  14.00  15.00  11.00  12.00  13.00
  19.00  20.00  16.00  17.00  18.00
  24.00  25.00  21.00  22.00  23.00
  29.00  30.00  26.00  27.00  28.00
	 
	---mode=-1     row    shift
  
  16.00  17.00  18.00  19.00  20.00
  21.00  22.00  23.00  24.00  25.00
  26.00  27.00  28.00  29.00  30.00
   1.00   2.00   3.00   4.00   5.00
   6.00   7.00   8.00   9.00  10.00
  11.00  12.00  13.00  14.00  15.00
</pre>
<p>

<b>Example 4</b>
<p>

Using <strong>fftshift</strong> on an odd number of rows and an even number of columns: 
<p>

<pre>
    nrow  = 5
    ncol  = 6
    N     = nrow*ncol
</pre>
<p>

The results are:
<p>

<pre>
	--- Original Array (5,6)---

	 
   1.00   2.00   3.00   4.00   5.00   6.00
   7.00   8.00   9.00  10.00  11.00  12.00
  13.00  14.00  15.00  16.00  17.00  18.00
  19.00  20.00  21.00  22.00  23.00  24.00
  25.00  26.00  27.00  28.00  29.00  30.00
	 
	---mode=0     quadrant shift
  
  22.00  23.00  24.00  19.00  20.00  21.00
  28.00  29.00  30.00  25.00  26.00  27.00
   4.00   5.00   6.00   1.00   2.00   3.00
  10.00  11.00  12.00   7.00   8.00   9.00
  16.00  17.00  18.00  13.00  14.00  15.00
	 
	---mode=1     column shift
	 
   4.00   5.00   6.00   1.00   2.00   3.00
  10.00  11.00  12.00   7.00   8.00   9.00
  16.00  17.00  18.00  13.00  14.00  15.00
  22.00  23.00  24.00  19.00  20.00  21.00
  28.00  29.00  30.00  25.00  26.00  27.00
  
	---mode=-1     row    shift
  
  19.00  20.00  21.00  22.00  23.00  24.00
  25.00  26.00  27.00  28.00  29.00  30.00
   1.00   2.00   3.00   4.00   5.00   6.00
   7.00   8.00   9.00  10.00  11.00  12.00
  13.00  14.00  15.00  16.00  17.00  18.00
</pre>
<p>

<b>Example 5</b>
<p>

Using <strong>fftshift</strong> on an odd number of rows and columns: 
<p>

<pre>
    nrow  = 5
    ncol  = 5
    N     = nrow*ncol
</pre>
<p>

The results are:
<p>

<pre>
	--- Original Array ---
  
   1.00   2.00   3.00   4.00   5.00
   6.00   7.00   8.00   9.00  10.00
  11.00  12.00  13.00  14.00  15.00
  16.00  17.00  18.00  19.00  20.00
  21.00  22.00  23.00  24.00  25.00
	 
	---mode= 0     quadrant shift
  
  19.00  20.00  16.00  17.00  18.00
  24.00  25.00  21.00  22.00  23.00
   4.00   5.00   1.00   2.00   3.00
   9.00  10.00   6.00   7.00   8.00
  14.00  15.00  11.00  12.00  13.00
	 
	---mode= 1     column shift
  
   4.00   5.00   1.00   2.00   3.00
   9.00  10.00   6.00   7.00   8.00
  14.00  15.00  11.00  12.00  13.00
  19.00  20.00  16.00  17.00  18.00
  24.00  25.00  21.00  22.00  23.00
	 
	---mode=-1     row    shift
  
  16.00  17.00  18.00  19.00  20.00
  21.00  22.00  23.00  24.00  25.00
   1.00   2.00   3.00   4.00   5.00
   6.00   7.00   8.00   9.00  10.00
  11.00  12.00  13.00  14.00  15.00
</pre>
</p>					</div>

					<p>&nbsp;</p>

		<!-- begin footer -->
		<div id="footer">
		
		<a href="mailto:ncladmin@ucar.edu">Contact the Webmaster</a>



		<!-- end footer -->
		</div>

           <br class="clearboth"/>

	   <!-- end content -->
	</div>
<!-- end wrap -->
</div>
</body>

<!-- Mirrored from www.ncl.ucar.edu/Document/Functions/Built-in/fftshift.shtml by HTTrack Website Copier/3.x [XR&CO'2014], Sat, 17 May 2025 15:18:30 GMT -->
</html>
